602,94,310,523,0
253,38,450,316,1
